LPIPS:
  max: 0.2693919837474823
  mean: 0.0775856628618436
  min: 0.005942247807979584
  percentile_95: 0.13169307857751847
  std: 0.029416170344390945
PSNR:
  max: 50.047298431396484
  mean: 31.168147252025605
  min: 16.36855125427246
  percentile_95: 37.82645034790039
  std: 3.8912164667905556
SSIM:
  max: 0.9966788291931152
  mean: 0.8879532121062279
  min: 0.358024537563324
  percentile_95: 0.9658582776784896
  std: 0.05978846429423372
