LPIPS:
  max: 0.2996893525123596
  mean: 0.07744965430154466
  min: 0.0028700754046440125
  percentile_95: 0.1317279644310474
  std: 0.02959481580701141
PSNR:
  max: 48.54960632324219
  mean: 31.19715334323883
  min: 16.524686813354492
  percentile_95: 37.79027481079101
  std: 3.899732145656728
SSIM:
  max: 0.9979656934738159
  mean: 0.8883477086371183
  min: 0.30934834480285645
  percentile_95: 0.9660374134778976
  std: 0.05988240678321966
